L_prod:1.1386018897899812
 L:1.1386018897899821
 Z3.6254812227839985
 Markup: 1.1555882343255046