L_prod:0.2769794423263415
 L_supply:0.3611948479263415
 Z14.88194328543338
 Markup: 1.5154837629001574