L_prod:0.27581601578732945
 L_supply:0.35863948978732946
 Z14.960859043412576
 Markup: 1.5208696588771577